11 evaluations
Parameters
==========

NCORES: 10, 
TIMES: [  0. -10.] Gyr, 
N_ARMS: 2, 
PHI0: 1.3089969389957472, 
LIFETIME: [3.37495014 3.37495014 6.74990029 6.74990029], 
SIGMA: 0.6026696686923635, 
T0: -24.187142703520188, 
AMP: 0.07734542131960552, 
HSCALE: 0.125, 
RSCALE: 0.3, 
ALPHA: 0.20943951023931956, 
RREF: 1.0, 
OMEGA: 0.0, 
BETA: -0.1, 
RRANGE: 5, 15, 
PHIRANGE: -1.5707963267948966, 1.5707963267948966, 
DR: 5.0, 
DPHI: 5.0, 
VPARMS: 20, 20, 8, 8, 
SIGMAPARMS: 30, 20, 20, 
SCALEPARMS: 2, 9.8, 7.6, 
EVAL_THRESH: 0.0001, 
==========
