nb: 1, nphi: 6
b: 2, 
phi: 0.0, 0.3141592653589793, 0.6283185307179586, 0.9424777960769379, 1.2566370614359172, 1.5707963267948966, 