nb: 4, nphi: 4
b: 1.0, 1.3333333333333333, 1.6666666666666665, 2.0, 
phi: 0.0, 0.5235987755982988, 1.0471975511965976, 1.5707963267948966, 