nb: 3, nphi: 3
b: 0.5, 1.25, 2.0, 
phi: 0.0, 0.7853981633974483, 1.5707963267948966, 